[空模板]
0 0 0 0 0 0 0 0 0
0 0 0 0 0 0 0 0 0
0 0 0 0 0 0 0 0 0
0 0 0 0 0 0 0 0 0
0 0 0 0 0 0 0 0 0
0 0 0 0 0 0 0 0 0
0 0 0 0 0 0 0 0 0
0 0 0 0 0 0 0 0 0
0 0 0 0 0 0 0 0 0

[小例子]
0 0 0 0 2 5 0 0 0 
5 8 0 0 0 9 0 0 4
0 0 0 0 0 0 0 0 5
9 0 0 0 0 0 0 0 0
0 0 0 0 0 0 3 0 7
4 0 3 0 0 8 0 0 6
1 0 9 0 3 0 0 6 0
0 3 0 0 9 7 2 0 0
0 6 0 8 0 4 7 0 0

0 0 0 4 0 0 0 0 0
6 0 0 0 0 8 0 1 0
0 0 3 7 2 0 0 4 0
0 2 0 1 0 0 4 6 0
0 9 0 0 8 0 0 0 0
0 0 6 0 0 4 1 0 0
8 3 0 0 0 0 0 0 0
1 0 0 0 0 3 0 0 0
0 0 0 0 0 5 0 9 7

4 0 0 0 5 0 0 0 0
0 1 0 3 0 0 0 0 7
7 5 0 0 0 0 0 6 1
0 2 0 0 4 9 0 0 0
0 3 0 0 0 0 0 0 0
0 0 0 8 0 0 5 0 2
9 0 2 0 0 0 7 0 3
1 0 0 0 6 0 0 0 4
0 0 0 0 0 0 0 0 0

[解不出来的例子]
0 0 0 7 0 0 0 0 0
8 0 0 0 0 0 6 0 0
0 0 0 0 0 0 0 0 0
7 0 0 0 0 0 0 0 0
0 0 6 0 8 0 0 0 1
0 0 0 0 0 0 7 8 0
0 0 0 0 0 7 0 0 0
0 0 0 0 0 0 0 0 0
0 0 0 8 0 0 0 0 0

0 0 0 7 0 0 0 0 0
8 0 0 0 0 0 6 0 0
0 0 0 0 0 0 0 0 0
7 0 0 0 0 0 0 0 0
0 0 6 0 8 0 0 0 1
0 0 0 0 0 0 7 8 0
0 0 0 0 0 7 0 0 0
0 0 0 0 0 0 0 0 0
1 2 3 4 5 6 8 0 0

[x数独例子]
1 2 5 6 7 0 8 4 3 
0 6 0 0 0 3 0 9 0
0 9 0 5 0 0 0 7 1
0 8 0 0 6 1 0 0 0
2 3 9 7 0 0 4 1 0
0 0 6 0 0 2 9 0 0
0 0 0 0 0 5 7 0 0
9 7 0 0 4 6 5 0 2
0 5 3 0 9 0 1 6 4


